7.201110747735041395e-02 1.862427162821448934e-01 2.679104083210208653e-01 4.039774092613333534e-01 6.985835865815054335e-02
6.017009236867937316e-02 7.866234975333902257e-02 2.086232956389435234e-01 3.132933113536672254e-01 3.392509508853708833e-01
4.967614346131845465e-02 1.636207574140099708e-01 2.626793426393773667e-01 3.260664960134123103e-01 1.979572604718818907e-01
9.512724805880332091e-02 1.652589961819340703e-01 3.049726867787571627e-01 2.842479355037697553e-01 1.503931334767355521e-01
6.458487054160841345e-02 7.867101831163926529e-02 2.659525700311377583e-01 2.791755896528242409e-01 3.116159514627903082e-01
2.817266329574576525e-02 5.160038640179061276e-02 2.417963408819919779e-01 4.316814397495316036e-01 2.467491696709401550e-01
2.032889798880975485e-01 1.837166632066670191e-01 2.610911665341668075e-01 2.406129703373365847e-01 1.112902200337321235e-01
1.499219868312402504e-01 1.851003087493451049e-01 2.214533992449217725e-01 3.619100729844996200e-01 8.161423218999329376e-02
5.647679717594594750e-02 1.513349153969107963e-01 2.475626561156223926e-01 3.977206733136108840e-01 1.469049579979100906e-01
3.677538938189854612e-02 6.514024833614830146e-02 3.030402095718375266e-01 3.325596231439145178e-01 2.624845295662009970e-01
1.510223633618655581e-01 1.205805551983511054e-01 2.356587618438980014e-01 2.585257044896467349e-01 2.342126151062385586e-01
5.170904945680094428e-02 3.576730117840141998e-02 2.425636150016339809e-01 3.673650915543314466e-01 3.025949428088322013e-01
2.430958976109882930e-01 6.663821773586317554e-02 2.222987918528572249e-01 1.582208160751789328e-01 3.097462767251124016e-01
2.231721378072884857e-02 4.078853045446119430e-02 2.471349583558696272e-01 4.060618484938956496e-01 2.836974489150446144e-01
8.042452286337718748e-02 2.778692822811814622e-01 4.556861646912985786e-01 1.304554840270684135e-01 5.556454613707453860e-02
5.103902921869089837e-02 1.938494830684250880e-01 1.030239842498567315e-01 5.112144696583164061e-01 1.408730338047109454e-01
7.325953841613254414e-02 8.509529541871610481e-02 2.771403462389809835e-01 3.429386321043205177e-01 2.215661878218498360e-01
1.137243470907877002e-01 1.408343274760500419e-01 2.705141451313282652e-01 2.413310880236058109e-01 2.335960922782281679e-01
1.235478251045816767e-01 2.702106216073589251e-01 3.801405071516564815e-01 1.508635516001780863e-01 7.523749453622487204e-02
1.688000921206735949e-01 2.539201638511901504e-01 2.627182408644768152e-01 2.151314987588210659e-01 9.943000440483840130e-02
8.228322954798332478e-02 1.229805532522693923e-01 4.166025677561802643e-01 2.236293554869227262e-01 1.545042939566441398e-01
8.502773577259052640e-02 4.230566290479767511e-01 3.190191321294229554e-01 1.211992520904595222e-01 5.169725095955007149e-02
7.459585658847997514e-02 1.218058159414363156e-01 3.467012691981501415e-01 3.231304576842267684e-01 1.337666005877067854e-01
1.682720678776166712e-01 1.726071043771628399e-01 4.449414963238345622e-01 1.783081989437990122e-01 3.587113247758691448e-02
1.006726472276704837e-01 9.830926327314977453e-02 4.472403016528735953e-01 2.654476001127760720e-01 8.833018773352994957e-02
1.288490302644983432e-01 2.549398719328961893e-01 2.917351943988152896e-01 2.296997940362782986e-01 9.477610936751186543e-02
5.656582054712679108e-02 1.353764191828328023e-01 4.046954532029429785e-01 2.925553963914103162e-01 1.108069106756869732e-01
5.304367575413617558e-02 7.329444473057616927e-02 7.844603309780912026e-02 3.074570714704282226e-01 4.877587749470502776e-01
7.110671895778708507e-02 5.384530547773679066e-02 1.015072028298551754e-01 3.674791217562655699e-01 4.060616509783553374e-01
1.491341815191622733e-01 2.202444439350132732e-01 3.828037810098803839e-01 1.798055506675776960e-01 6.801204286836637358e-02
1.184777053101712940e-01 2.365296696126422127e-01 2.656469811572214068e-01 2.638048591024648726e-01 1.155407848175002000e-01
4.219217140709240893e-02 6.734049684562290472e-02 1.688270671491754749e-01 6.027955411114145345e-01 1.188447234866945729e-01
8.557085621390032870e-02 2.364869334971912151e-01 3.849588800127916044e-01 2.251346685959335348e-01 6.784866168018334476e-02
6.050116779865757216e-02 2.004364496561485132e-01 3.840035970337008497e-01 2.298963632494349374e-01 1.251624222620580928e-01
1.330150779266142114e-01 2.627670993030344904e-01 2.246231317253697957e-01 3.114024927761493422e-01 6.819219826883214652e-02
2.085458810964065796e-02 3.294318436163011510e-02 1.068657798674546577e-01 4.835482880204799994e-01 3.557881596407945213e-01
1.012903226383306682e-01 1.204315964763370272e-01 5.642955763082432297e-01 1.804958687252479765e-01 3.348663585184109837e-02
3.939134309067752332e-02 6.457395853931251206e-02 2.060004850809698251e-01 3.672163788339840029e-01 3.228178344550561851e-01
1.065622210701883676e-01 2.678068929333847215e-01 4.704254531719609389e-01 1.026989020272466441e-01 5.250653079721920302e-02
7.446193837080790356e-02 2.076098541990369639e-01 3.518620320940629154e-01 2.533637299091745509e-01 1.127024454269177217e-01
7.387068268567351104e-02 9.737434222309539200e-02 3.257310064890013290e-01 3.101126727617765644e-01 1.929112958404532729e-01
6.382127035192612652e-02 2.819795352637092245e-01 4.804799799807562555e-01 1.420180571014598436e-01 3.170115730214844579e-02
2.029730767180965359e-02 3.416263112375493571e-02 1.092817116067516109e-01 5.006602267365741765e-01 3.355981228611095157e-01
4.543829427157435735e-02 6.418224678415516971e-02 5.380081481899738893e-01 1.976907831580186070e-01 1.546805275962780946e-01
1.418560956212187585e-01 1.475635758580629564e-01 2.851130502942072487e-01 3.554194099341632662e-01 7.004786829234760370e-02
4.643428521143198179e-02 2.094113128388308542e-01 4.757477371587438553e-01 1.962184388197713569e-01 7.218822597122184770e-02
1.298336163386631104e-01 2.060856918005648242e-01 2.684411223233919563e-01 2.068234498356403828e-01 1.888161197017398374e-01
7.008241792944193416e-02 1.694290459947496441e-01 4.179459261610986021e-01 2.428894753261072736e-01 9.965313458860250440e-02
1.837594303426625109e-01 2.127197820377901838e-01 3.287146678242155451e-01 2.062270106867976904e-01 6.857910910853413922e-02
1.592659762564961889e-01 2.021342500864017344e-01 3.183105712795492037e-01 2.080656769039344600e-01 1.122235254736184407e-01
1.298471392169598115e-01 2.601801400624111915e-01 3.589995042774630218e-01 1.896817819628164870e-01 6.129143448034963387e-02
6.232825771185944441e-02 2.823354550651833161e-01 3.748406458028610833e-01 2.165023181938756092e-01 6.399332322622044988e-02
1.440680013313101193e-01 2.708552049405142936e-01 3.368783135000245621e-01 1.870089520991941590e-01 6.118952812895678967e-02
2.667641860312456314e-01 3.717500575620609760e-01 2.011016142538706031e-01 1.137516567126804073e-01 4.663248544014247932e-02
5.825034503716949863e-02 1.035786363749094524e-01 2.192143938610785769e-01 4.874283497215065597e-01 1.315282750053358707e-01
1.573711264297116552e-01 2.189909034157282441e-01 3.389534288193289946e-01 2.139987841661205037e-01 7.068575716911075502e-02
9.580608004601819105e-02 1.507782610455727645e-01 3.926820293979706999e-01 2.614006189283811232e-01 9.933301058205724898e-02
1.264587791734491096e-01 2.899563261460593178e-01 3.635326657491858016e-01 1.600688886901710795e-01 5.998334024113479573e-02
1.243688921620013516e-01 1.899688282142446283e-01 4.692121620430400042e-01 1.464076999068275597e-01 7.004241767388635909e-02
7.597439570769858042e-02 1.310179898040233770e-01 2.914948357981471672e-01 3.505016472704555186e-01 1.510111314196753152e-01
1.199470831902630513e-01 1.471794912696241520e-01 3.798503712746008620e-01 2.411173939858500814e-01 1.119056602796617006e-01
6.695696424215256959e-02 2.337751920059367161e-01 2.220707690054193606e-01 3.404448451069779225e-01 1.367522296395135284e-01
9.635896066670801563e-02 1.893098106692286953e-01 4.614670040089706160e-01 2.068310395595817086e-01 4.603318509551095061e-02
1.704478022955918104e-01 1.571903600757797448e-01 3.392093161569475490e-01 1.801037387492872288e-01 1.530487827223935837e-01
3.835640706986841175e-02 8.377480433019639239e-02 2.895055013321187753e-01 3.883297000474221217e-01 2.000335872203941601e-01
2.511187810843009544e-02 5.048374020764134079e-02 1.366390108505496359e-01 5.402571743015009975e-01 2.475081965318778610e-01
1.286998099616021574e-01 1.711761406233481830e-01 3.373954429828328050e-01 2.390098084113218557e-01 1.237187980208950128e-01
6.058192250979485549e-02 1.129811659886105768e-01 4.830099839941333628e-01 2.471265432379928795e-01 9.630038426946829766e-02
5.554460561510052297e-02 1.156617346280177233e-01 2.928457439252307726e-01 3.737232688370356049e-01 1.622246469946152791e-01
1.794701348936066920e-01 2.977250149027872994e-01 2.969820716809845051e-01 1.717754637144752738e-01 5.404731480814608385e-02
3.776873793474776891e-02 1.333938835631420794e-01 5.291247111123765778e-01 1.862293075907256179e-01 1.134833597990079629e-01
1.263787381246452846e-01 3.078521787008451915e-01 2.649948264118245911e-01 1.632322781677385259e-01 1.375419785949464069e-01
4.280440831652651545e-02 7.330377459691397868e-02 5.222369767366307203e-01 2.625867117347171487e-01 9.906812861521155367e-02
1.073781392013891112e-01 1.992134293472992423e-01 3.951568856213165115e-01 2.217280582690898394e-01 7.652348756090537885e-02
1.773743644266482788e-01 2.294304282369769576e-01 3.677895444294048688e-01 1.735873314648399002e-01 5.181833144213002923e-02
1.417716944753439345e-01 2.330673785200002568e-01 3.210183517446159041e-01 2.245323044740945018e-01 7.961027078594541673e-02
9.387877186854627631e-02 1.552439667268801504e-01 3.013814186234521353e-01 2.872056627707013643e-01 1.622901800104201153e-01
1.002498594216455624e-01 1.413775205662099188e-01 2.946111205011706091e-01 2.562095621725057892e-01 2.075519373384681621e-01
5.370397468247428696e-02 1.587476298730705893e-01 4.565239744928799026e-01 2.602860911566274305e-01 7.073832979494773521e-02
1.100135294896047722e-01 1.256844094971847625e-01 2.440730281250343414e-01 3.768450109664205350e-01 1.433840219217556999e-01
2.063613601058447988e-01 2.954862841298343534e-01 3.208695162750778707e-01 1.295730475971536566e-01 4.770979189208930660e-02
1.966656558092056903e-02 3.785554088536872974e-02 1.041222879333623813e-01 5.496862927130342635e-01 2.886693128873141223e-01
2.183061615833732649e-01 2.730854608263554306e-01 2.592949624960531607e-01 1.844006464434024273e-01 6.491276865081563319e-02
1.286069964856084713e-01 1.598275501854905523e-01 3.883542693324046891e-01 2.420069299605096258e-01 8.120425403598664771e-02
5.161663898222829117e-02 1.092827783048980483e-01 2.710808004273904115e-01 3.772271347732515934e-01 1.907926475122317111e-01
3.393501557604217678e-01 1.674754865055209097e-01 3.413353391920460056e-01 8.332963843350986444e-02 6.850938010850152193e-02
8.459616332760298840e-02 1.385338070642451735e-01 1.913214106423265504e-01 3.225789815135041150e-01 2.629696374523212143e-01
9.739544057133187049e-02 3.217570445171433757e-01 4.320215570590164589e-01 1.142261221347322248e-01 3.459983571777613953e-02
6.830889390859759547e-02 9.000280618755070183e-02 1.950841898027935173e-01 5.421906302804114786e-01 1.044134798206468456e-01
1.591351884013107731e-01 2.699490643080517116e-01 3.559087823965290664e-01 1.633089232053118733e-01 5.169804168879647138e-02
6.408142914522967082e-02 1.236367230902934572e-01 4.645074753254158084e-01 2.405017646611360693e-01 1.072726077779249387e-01
9.798123956003504387e-02 1.768470320533398199e-01 3.187398988564079105e-01 2.920957445305902289e-01 1.143360849996268996e-01
1.376528179845702138e-01 2.207984077896908981e-01 3.064280061183335402e-01 2.575721046332180575e-01 7.754866347418741535e-02
5.884587734662770353e-02 1.588416633100771247e-01 2.965744525827495592e-01 3.630683776416037123e-01 1.226696291189418864e-01
1.037994985885841576e-01 4.218441292263211961e-01 2.515336154112467471e-01 1.170290341739030210e-01 1.057937225999448505e-01
7.381989460604337916e-02 1.452264058167220817e-01 3.131034370030564284e-01 4.231733845593699805e-01 4.467687801480810933e-02
1.230154360897274674e-01 1.630128008279401186e-01 3.220186315878172389e-01 2.821785164870424523e-01 1.097746150074727783e-01
1.077039107705961007e-01 1.261459415185734179e-01 3.525771481557776754e-01 2.970516771297418979e-01 1.165213224253109220e-01
1.487544546733951811e-01 3.207868789344829885e-01 2.697793452247924106e-01 1.773859937022483901e-01 8.329332746508116836e-02
1.097008278482253241e-01 3.565017517011090376e-01 3.504781970167537009e-01 1.285355803609356529e-01 5.478364307297629160e-02
6.463615359029853402e-02 5.481014592430491494e-02 5.240315390758225611e-01 2.867570056562618319e-01 6.976515575331201924e-02
1.630412079330972874e-01 8.921040438614553925e-02 1.267242121944180677e-01 2.529328433555487754e-01 3.680913321307903718e-01
3.973901578568228565e-02 1.689051675059553559e-01 2.497277394228260561e-01 2.678971739667236895e-01 2.737309033188125573e-01
1.568693144789478910e-01 7.033773133851893566e-02 1.681282579575548441e-01 1.803727789817216320e-01 4.242919172432566555e-01
6.424688819694419906e-02 1.444829678212671553e-01 4.157594523313621893e-01 3.006365689738153546e-01 7.487412267661103238e-02
1.328126173792246734e-01 1.547759338687256236e-01 2.982961034524522770e-01 2.516648384780841297e-01 1.624505068215133519e-01
1.275139781652344095e-01 1.579111757340767586e-01 3.033153029942299295e-01 2.705936580516725698e-01 1.406658850547863326e-01
1.275139781652344095e-01 1.579111757340767586e-01 3.033153029942299295e-01 2.705936580516725698e-01 1.406658850547863326e-01
1.565134980483404437e-01 2.109382779071006797e-01 5.123491119784877590e-01 9.283790150995779866e-02 2.736121055611327041e-02
1.224024018804460295e-01 2.168336863560996752e-01 3.519360673556258812e-01 1.927086184672141267e-01 1.161192259406143013e-01
1.141216678685136182e-01 3.451631834478852134e-01 2.983132585344260290e-01 1.631590897968628051e-01 7.924280035231222319e-02
1.296230859519987011e-01 1.391993733488320339e-01 3.137916672879544899e-01 2.743933452874098289e-01 1.429925281238049739e-01
1.110814146497189486e-01 1.499351253628318226e-01 3.104125629595713698e-01 3.341523167282912099e-01 9.441858029958663523e-02
8.006562393302960046e-02 1.544621295775756575e-01 3.410782136790422303e-01 3.432359142791038265e-01 8.115811853124856035e-02
2.084617758995344627e-01 1.889628200608866049e-01 2.185887969063477765e-01 2.984224981189849690e-01 8.556410901424610360e-02
5.559865343721080017e-02 3.518199374926672673e-02 1.945728873958371130e-01 3.748368001420397944e-01 3.398096652756454894e-01
8.925802355887636763e-02 2.203465427362024387e-01 2.771876824111633164e-01 2.136531387619803046e-01 1.995546125317776698e-01
8.370333541618489581e-02 1.639357926898039330e-01 3.682366572523023129e-01 3.259777750190716583e-01 5.814643962263717908e-02
2.444033228071135488e-01 8.989682566849152567e-02 1.509282517081869390e-01 2.929847040344216724e-01 2.217868957817863140e-01
8.580160426158765785e-02 1.143434966368477718e-01 3.246078222236701283e-01 3.973531353562395618e-01 7.789394152165482477e-02
1.681668719960480729e-01 1.403330820711008176e-01 2.975591684557146177e-01 3.156360363048492101e-01 7.830484117228728169e-02
2.047171753522264992e-01 3.710061418985725057e-01 1.977709773286580597e-01 1.347871891127292165e-01 9.171851630781382991e-02
9.863074133754258510e-02 9.984032571477366447e-02 2.280032255497634885e-01 4.091961289076579411e-01 1.643295784902623902e-01
4.668390740446624193e-02 4.314341218470942874e-01 3.978206871620106888e-01 9.493492707325036639e-02 2.912635651317835306e-02
5.088963132961784458e-02 1.074106618780633349e-01 3.430769029955849092e-01 3.456740534732558601e-01 1.529487503234779888e-01
4.880321889818090703e-02 7.067267941596756808e-02 4.342709928210665149e-01 3.208377928536128021e-01 1.254153160111721177e-01
9.594638549872160083e-02 1.549794757703223946e-01 3.495072481533371134e-01 2.029640974404963716e-01 1.966027931371224502e-01
1.036237497477591613e-01 2.503792424226191637e-01 2.974402726314709366e-01 2.600351726268708141e-01 8.852156257128004913e-02
1.044913924091433050e-01 2.465352454386383341e-01 3.683455955892002143e-01 2.056137306452158753e-01 7.501403591780231306e-02
1.235387297840323251e-01 1.611693926695460799e-01 3.597263530760909100e-01 2.427877314700401801e-01 1.127777930002905049e-01
7.352133730986125382e-02 1.423176761209548891e-01 4.030660047897150489e-01 3.099475837971225611e-01 7.114739798234631651e-02
2.029096523303099420e-01 2.179229176310857885e-01 3.718673270063352909e-01 1.529189628047503136e-01 5.438114022751857485e-02
7.704879438075130926e-02 1.274067506891862489e-01 3.219858402880768633e-01 2.802519309300997574e-01 1.933066837118858072e-01
6.058024103346006106e-02 8.487625173204584039e-02 1.769786689099945576e-01 4.572319492151362685e-01 2.203328891093632447e-01
1.061447431623954579e-01 1.450696970691383869e-01 4.364207026823734292e-01 2.197603798487972326e-01 9.260447723729541003e-02
5.984107064600061726e-02 1.032984783980368387e-01 3.302660197568344502e-01 3.840958095962171970e-01 1.224986216029109592e-01
1.045486835570974271e-01 2.293456335129062384e-01 3.329119618869156305e-01 2.376540002690197828e-01 9.553972077406087948e-02
1.033889647154434543e-01 1.745061829496389050e-01 3.147788834813794456e-01 2.746811734428899476e-01 1.326447954106482197e-01
1.313542820667727984e-01 3.038541985350595165e-01 3.216564033779031884e-01 1.728131902409818232e-01 7.032192577928267352e-02
3.753267031293663902e-02 4.496024818068010409e-02 3.512520484427107403e-01 4.425895113109920009e-01 1.236655217526806544e-01
3.205116545607823025e-02 4.470126129312720215e-02 1.716205543874029793e-01 3.745681890198377939e-01 3.770588298435537666e-01
1.013255996139883208e-01 2.623789511638224825e-01 2.615643289197104315e-01 2.999250266317023406e-01 7.480609367077643845e-02
1.062130249270272359e-01 1.803850171305141636e-01 2.015265621931328077e-01 3.755273140923798825e-01 1.363480816569458964e-01
1.534288846627634151e-01 3.206971179504216618e-01 3.818395739501298514e-01 1.001731433480920058e-01 4.386128008859295491e-02
6.497474028315702865e-02 2.578966528987271523e-01 3.718853750106951295e-01 2.362862373933460602e-01 6.895699441407454611e-02
7.334065780474510743e-02 6.349692014536553741e-02 1.343731481392134997e-01 3.517625375150530975e-01 3.770267363956227302e-01
6.552450973009552038e-02 6.651821827602366621e-02 1.998881389825495902e-01 4.325555589104215781e-01 2.355135741009096451e-01
2.243140075024376359e-02 5.356847642953889432e-02 2.000839776882560039e-01 5.290516687292832199e-01 1.948644764026781495e-01
2.595781594455665586e-01 2.391866249164397717e-01 3.054281726856213908e-01 1.471691785686861098e-01 4.863786438368618986e-02
1.584092088212791516e-01 2.001279100554607671e-01 2.828059251637663474e-01 2.084009903237310224e-01 1.502559656357626561e-01
3.115979089595305798e-02 3.856049453450360875e-02 1.584645814691037491e-01 4.968400097753609690e-01 2.749751233250785631e-01
1.010810826488897918e-01 2.473844400283039813e-01 3.848642138193879569e-01 2.091493714098925927e-01 5.752089209352582305e-02
1.382551017010075489e-01 2.523684800313100718e-01 3.073944918192562659e-01 2.137725389417103605e-01 8.820938750671562800e-02
5.417950466390353270e-02 9.836932484051516545e-02 2.993220283984783237e-01 3.799391618326502518e-01 1.681899802644527264e-01
7.438833610129008678e-02 8.457417453789700668e-02 3.266314967448846196e-01 2.691704544557529943e-01 2.452355381601754314e-01
4.290854165065138281e-01 1.875294978077382269e-01 2.217461332436214683e-01 1.243982464244825920e-01 3.724070601764399580e-02
7.391960774725728212e-02 1.878245538701826534e-01 3.636597390557905207e-01 1.927010081642301087e-01 1.818950911625394906e-01
1.269389957878100939e-01 1.921428712652623882e-01 3.267197089511577612e-01 2.442512751458203457e-01 1.099471488499495081e-01
1.046644126265907360e-01 2.203182687112687499e-01 2.381020986159169406e-01 3.396906817172573589e-01 9.722453832896624237e-02
1.048542534571836604e-01 2.343669881307797187e-01 4.412021087351025161e-01 1.777983142228734825e-01 4.177833545406061527e-02
1.939372460485197514e-02 6.695590516487648358e-02 1.618433190607838634e-01 6.197399163050155702e-01 1.320671348644720799e-01
3.381347877679972275e-02 8.284490230158271518e-02 1.446867908980792594e-01 5.424764008135771753e-01 1.961784272099612036e-01
1.346710989202073439e-01 1.771070097286116807e-01 3.898484110911490386e-01 2.036329014879247057e-01 9.474057877210712020e-02
6.679430655472982925e-02 1.079141648545787341e-01 2.541087390503923293e-01 3.433026086194420068e-01 2.278801809208571005e-01
9.699467738502225156e-02 2.756933120122371794e-01 3.617120339134558549e-01 1.865875401251435861e-01 7.901243656414115579e-02
1.003198383579987224e-01 3.672688278191109101e-01 2.272923849543818930e-01 2.482308380742848652e-01 5.688811079422378958e-02
9.899102091934029735e-02 2.364346455407688175e-01 3.584325012910432595e-01 2.018013607051289127e-01 1.043404715437185604e-01
1.081848781986148450e-01 1.618642395575871640e-01 3.580530138934332474e-01 2.773675548043428862e-01 9.453031354602176028e-02
4.543274559939453061e-02 1.192658722822833861e-01 1.852443607174160678e-01 4.237586682034479857e-01 2.262983531974580020e-01
2.146262333492396021e-02 1.488496427263102384e-01 4.881554543538503266e-01 2.148733701198163870e-01 1.266589094650989733e-01
1.273708039047953822e-01 2.590327597359690648e-01 2.736526801064271819e-01 2.347686232911444792e-01 1.051751329616639752e-01
8.297442542177611846e-02 1.840591652587372784e-01 3.324205021821400874e-01 2.736828044995371356e-01 1.268631026378094218e-01
1.434291698140728877e-01 2.208256255495140985e-01 2.815468719140055143e-01 2.727164116437317820e-01 8.148192107867563427e-02
6.063753441277906081e-02 3.402105424301294923e-01 4.198187812508265560e-01 1.063216137393381694e-01 7.301152816692677017e-02
4.298724437410569865e-02 1.115979040734771804e-01 5.421430623773385582e-01 2.137505770178982356e-01 8.952121215718034097e-02
9.478258261064617662e-02 2.037292547468562420e-01 3.878850908535532160e-01 2.284718944170422150e-01 8.513117737190219192e-02
8.406700074546619161e-02 2.351066999187920448e-01 3.561836531479804502e-01 2.518771421356846840e-01 7.276550405207679595e-02
2.257807644152024784e-01 3.200734040869338548e-01 2.034721106703686888e-01 1.880908979225671129e-01 6.258282290492793443e-02
5.144613471683705253e-02 2.083919096804895954e-01 3.134576359267430279e-01 3.295781944440479005e-01 9.712612523188249303e-02
3.117271592350685516e-01 1.318380923423027595e-01 1.660471728813545933e-01 2.680306160760652645e-01 1.223569594652088172e-01
5.674230415439793229e-02 2.792207129855550640e-01 1.951423034336589868e-01 3.727244515320737861e-01 9.617022789431406427e-02
5.259160843004327679e-02 2.681707686247098987e-01 3.530258978276730186e-01 1.282437473602937861e-01 1.979679777572799781e-01
2.622116633776012673e-01 2.235523253749127359e-01 2.883234613417005043e-01 1.713486262306527230e-01 5.456392367513279024e-02
1.226468604474272583e-01 1.800377830052583561e-01 3.252303611385412574e-01 2.551879458863325345e-01 1.168970495224406492e-01
9.379026811749792414e-02 3.344160209755104862e-01 3.230288800804932969e-01 1.928164490800686193e-01 5.594838174642970813e-02
1.424654093475904437e-01 2.728146824289613415e-01 3.829174147259475358e-01 1.583564514615225516e-01 4.344604203597798170e-02
4.590337197028350469e-02 7.613326367475546641e-02 1.676480117020111571e-01 4.680516494324705179e-01 2.422637032204793817e-01
2.996259927734311324e-02 2.320481647624740573e-02 1.460881605542210804e-01 4.528515225594277882e-01 3.478929011327607235e-01
9.168142546934894555e-02 2.567821960289380923e-01 3.956275424895881465e-01 1.769444963984574681e-01 7.896433961366741694e-02
1.075761230474515662e-01 1.639111171432191261e-01 3.291972649055739386e-01 3.004035891322915930e-01 9.891190577146385943e-02
2.198736711565474344e-01 3.671114135523736999e-01 2.202120991110698422e-01 1.227451475924701135e-01 7.005766858753884052e-02
3.000388088932911396e-02 9.707543761513830194e-02 5.532522669205318655e-01 2.426562104952572352e-01 7.701220407974349036e-02
6.174953157067533671e-02 9.957646676831344301e-02 1.608606519916110922e-01 3.302286145470942347e-01 3.475847351223059767e-01
1.002953564612150544e-01 1.079253536348973030e-01 4.510767922183641088e-01 2.240256737102782614e-01 1.166768239752453279e-01
1.085318587282308178e-01 8.374074864730700340e-02 2.581628625218084228e-01 4.327343441317866302e-01 1.168301859708669455e-01
6.135025847980671299e-02 2.211165453827803606e-01 2.830770446694734765e-01 2.499461752975794537e-01 1.845099761703599128e-01
1.320070237847282002e-01 2.890357746729940169e-01 3.305485167849367967e-01 1.638387656308931406e-01 8.456991912644783171e-02
1.035191435933467269e-01 2.019925511242184890e-01 4.777867377996742326e-01 1.462995875720478622e-01 7.040197991071259209e-02
1.653152000973154012e-01 2.399506976438257611e-01 2.946080386881925750e-01 2.591759068447239689e-01 4.095015672594239098e-02
3.371582204334986482e-02 1.217479622285002894e-01 2.810259523052068831e-01 4.737633061515910682e-01 8.974695727135185985e-02
6.687344659945800018e-02 1.064943249291673832e-01 2.505599218134340056e-01 5.406497043607164654e-01 3.542260229722406228e-02
4.918639239891778314e-02 6.782687527739764133e-02 2.178758495438317122e-01 3.554990582743745020e-01 3.096118245054784723e-01
3.196556691412914819e-02 5.674231815338400681e-02 3.033825685785590531e-01 4.377423346122947256e-01 1.701672117416329899e-01
2.948874901410692209e-02 6.685898807658974263e-02 3.475814622905840645e-01 4.351978378136110992e-01 1.208729628051082028e-01
1.025346473288385463e-01 1.475486350843523420e-01 3.070244523574660045e-01 1.896841590294882918e-01 2.532081061998547877e-01
7.762214985652436672e-02 1.211444070002907630e-01 2.036566701661373657e-01 4.850437214164040611e-01 1.125330515606434295e-01
6.893539917489946434e-02 1.590591282096682491e-01 5.295838058853519215e-01 2.131092894600289112e-01 2.931237727005132562e-02
1.139697097622557054e-01 2.417651604697764189e-01 3.870122733424516404e-01 1.730486735182546754e-01 8.420418290726158772e-02
2.796654559782112415e-01 1.384988439674440242e-01 2.709739865978235684e-01 2.141864017234673401e-01 9.667531173305395076e-02
4.460125525548144787e-02 6.125446187697324019e-02 1.158520211260685717e-01 5.346639982251243373e-01 2.436282635163524446e-01
1.356417269714675633e-01 3.606882995680251724e-01 2.319616891933214686e-01 1.492199988152446977e-01 1.224882854519409592e-01
8.401242124796759470e-02 1.266690806328072127e-01 2.414875071108785742e-01 4.166181926342071296e-01 1.312127983741394610e-01
1.250440098032785663e-01 1.533290654738624637e-01 3.165131907586920534e-01 2.638163871939838701e-01 1.412973467701830466e-01
3.514381200912637671e-02 1.534504702515517294e-01 5.293093647703245308e-01 2.445336896631976342e-01 3.756266330579979135e-02
6.245936701129258667e-02 7.437019188382189283e-02 3.110950589119379495e-01 3.896872986719422949e-01 1.623880835210051166e-01
1.778976278012892043e-01 1.673310036183365823e-01 3.255024461527317170e-01 2.755818015642181873e-01 5.368712086342432993e-02
6.973150067053836276e-02 1.552762720865022150e-01 1.725478699071893718e-01 2.976149206927285462e-01 3.048294366430415181e-01
8.153986030994510303e-02 1.326136162051006484e-01 2.672788463649906077e-01 4.104339175177793564e-01 1.081337596021843539e-01
1.041389473288688444e-01 2.257941492965350461e-01 3.804208736326935569e-01 2.057352627535881107e-01 8.391076698831435865e-02
1.054955448101376481e-01 1.986247224488314478e-01 4.202513458905058896e-01 1.969247186097031199e-01 7.870366824082200563e-02
5.786590792237616965e-02 1.244744906540042884e-01 2.542855529050600527e-01 3.433615914109138245e-01 2.200124571076456370e-01
4.987345055279564926e-02 1.074136127062349511e-01 4.122292895789656519e-01 2.314172077105025038e-01 1.990664394515013480e-01
6.341912508335492693e-02 2.000195842239986255e-01 3.765091354224415765e-01 2.871029464645353246e-01 7.294920880566961585e-02
1.531307785151881373e-01 1.540734201860288199e-01 3.247905911268192392e-01 2.572386854101729736e-01 1.107665247617908161e-01
6.001133119957809126e-02 1.905273688097609830e-01 3.412415086445651502e-01 3.037878927722901246e-01 1.044318985738057204e-01
3.870231167995116101e-02 1.286155396411275131e-01 2.967701914864682156e-01 3.139889502797791332e-01 2.219230069126740257e-01
5.754246739025364876e-02 4.588813019176893326e-02 7.045884574197126826e-02 4.604709595827193302e-01 3.656395970932867501e-01
1.760143266309971422e-02 2.553934133428742773e-02 2.268357091324416930e-01 4.045123445299094178e-01 3.255111723402616120e-01
9.860219997330360586e-02 2.555283968324744692e-01 3.286622848408798925e-01 1.890918482513069820e-01 1.281152701020350504e-01
6.852123188109698892e-02 1.797884633638712204e-01 3.080416175977488957e-01 2.970176730837231771e-01 1.466310140735598011e-01
4.171671817939419102e-01 1.673548657487563263e-01 3.049502494094969984e-01 7.865741926169611542e-02 3.187028378610863577e-02
9.263107034554327046e-02 9.737247736311736845e-02 2.191743855523045070e-01 3.220722618007543225e-01 2.687498049382805454e-01
5.799720660265361011e-02 8.792954130603636287e-02 2.731246844696467724e-01 2.688570015636704280e-01 3.120915660579929307e-01
9.041986218502062744e-02 1.732533904267471447e-01 3.357526303658127653e-01 2.805786494850378565e-01 1.199954675373816476e-01
4.571190797756378987e-02 2.040640268037048066e-01 2.277215929915590853e-01 4.229342771213733809e-01 9.956819510579895116e-02
1.538383901687342958e-01 1.873795955538659075e-01 2.396435355824668156e-01 3.309110455736353762e-01 8.822743312129761872e-02
3.303351639236350862e-02 1.245504616442048851e-01 1.670925859887739950e-01 5.638430940755093657e-01 1.114803418991482387e-01
1.244960677598949822e-01 3.358255923231592277e-01 3.304735807109105417e-01 1.444505595860717806e-01 6.475419961996335683e-02
4.318137923383003063e-02 9.040135158262016524e-02 2.184027225322748844e-01 2.324655672973211518e-01 4.155489793539536847e-01
8.134077037733219995e-02 1.789854242038194931e-01 3.103911460740224060e-01 2.389500628238375723e-01 1.903325965209883841e-01
2.026578041502194796e-02 3.159518472747284423e-02 1.063500748850901845e-01 4.963551817234901908e-01 3.454337782489247388e-01
6.393153171236180821e-02 3.408805820490642957e-01 3.336984177689724107e-01 1.732137077129421721e-01 8.827576075665945210e-02
3.387679248218010419e-02 1.153161645864437257e-01 3.305181505082679383e-01 4.001503922353353282e-01 1.201385001877729591e-01
9.651341658529018208e-02 1.901119291959691981e-01 3.981579239024762296e-01 1.733673780790314645e-01 1.418493522372329674e-01
4.589150760194077305e-02 1.076069267640665378e-01 2.259419367527501499e-01 4.084992384560753309e-01 2.120603904251671668e-01
9.454988434275005127e-02 2.042694831726613869e-01 3.044034281795214292e-01 3.253678862817238615e-01 7.140931802334325729e-02
6.302631001829893387e-02 1.258196492281485612e-01 2.816515218419416433e-01 3.621031677561152851e-01 1.673993511554955071e-01
1.315095660852819703e-01 3.187280802014679781e-01 2.989392763632293670e-01 1.914444305621103015e-01 5.937864678791035522e-02
6.236180223314470583e-02 2.677870532798064529e-01 2.470327525369596933e-01 3.292507753968812456e-01 9.356761655320787463e-02
3.354634537990918569e-02 6.010254117005823377e-02 2.092342313643095753e-01 3.485277178870379022e-01 3.485891641986851308e-01
1.131075089991446792e-01 2.261469059446659102e-01 2.684294789082299348e-01 2.468008874877393732e-01 1.455152186602201025e-01
1.438005683196307005e-01 2.416404885217652565e-01 3.240898314841168526e-01 2.264990250952843009e-01 6.397008657920294494e-02
7.053631708215656049e-02 7.539968576924034604e-02 1.986184756218724312e-01 1.459352353410790504e-01 5.095102861856516396e-01
1.890952692362167509e-01 2.160195540956835747e-01 2.897318897521554137e-01 2.000020858387509815e-01 1.051512010771933070e-01
6.823086763539559785e-02 2.193662985009826039e-01 2.947409474317550515e-01 3.165211721483934815e-01 1.011407142834732931e-01
1.122798336235910216e-01 1.335692211457668865e-01 2.130376089874586043e-01 3.969771539448663789e-01 1.441361822983170393e-01
1.694866537368113976e-02 2.433569803953369165e-02 2.744690568005582199e-01 4.064900123074415283e-01 2.777565674787854655e-01
1.464807827031739118e-01 3.027362725267310206e-01 3.599950099819697047e-01 1.563069901015747831e-01 3.448094468655070466e-02
1.136938582646841167e-01 2.655808527185747336e-01 2.620872446985517135e-01 2.430116929666019943e-01 1.156263513515873864e-01
1.284785099997671487e-01 2.751527731515411856e-01 3.978023026677345308e-01 1.525623703303624623e-01 4.600404385059468637e-02
1.407277524659184820e-01 3.024605700815669596e-01 2.709417666726463003e-01 1.831419935085049633e-01 1.027279172713634198e-01
8.232744436834624202e-02 1.448939597164674020e-01 2.858959985912865598e-01 3.542951107102411679e-01 1.325874866136586283e-01
5.357425250940021921e-02 2.885778479981960798e-01 4.093333336398273237e-01 1.644351488804774719e-01 8.407941697209891929e-02
5.955501910504220481e-02 1.415510834756565639e-01 5.160617647783199979e-01 1.781234768763597376e-01 1.047086557646216554e-01
1.250227522111753697e-01 1.746803638269056047e-01 3.007734447481824613e-01 2.610762002336754484e-01 1.384472389800611991e-01
1.341960862433057566e-01 2.421672779804414088e-01 3.258515305249145566e-01 2.290937348974978749e-01 6.869137035384050016e-02
1.498836974386607845e-01 2.481850159120485289e-01 4.210528080092136860e-01 1.458079643955081106e-01 3.507051424456884142e-02
8.950546784078962370e-02 1.650033726536273837e-01 3.289767900677056933e-01 3.005209477423541609e-01 1.159934216955231662e-01
2.141580316162800535e-01 2.069723709229124298e-01 3.890925846550170597e-01 1.389495817478867967e-01 5.082743105790375748e-02
1.275139781652344095e-01 1.579111757340767586e-01 3.033153029942299295e-01 2.705936580516725698e-01 1.406658850547863326e-01
1.386874107214811636e-01 1.825838520005195198e-01 3.842912082475234969e-01 1.988265485317875503e-01 9.561098049868821391e-02
1.567464811848517103e-01 1.188951029157875455e-01 4.333880569005523764e-01 2.273624413714903369e-01 6.360791762731807242e-02
1.025263290965515300e-01 1.048557369722158544e-01 2.565082812436443316e-01 2.670299785858142316e-01 2.690796741017740246e-01
8.458037386853381467e-02 2.881126422141329635e-01 3.774558598154487687e-01 1.944459097837424044e-01 5.540521431814200010e-02
1.275139781652344095e-01 1.579111757340767586e-01 3.033153029942299295e-01 2.705936580516725698e-01 1.406658850547863326e-01
1.039787193250906600e-01 3.424129260724920742e-01 3.523578507693026496e-01 1.245893625692019724e-01 7.666114126391261607e-02
1.793904236842369104e-01 4.510032571559150494e-01 1.659958388747269642e-01 8.891752695346477608e-02 1.146929533316562722e-01
3.553609168872234880e-02 4.020750701752096729e-02 1.926225339750632926e-01 4.385141764597164094e-01 2.931196908589769889e-01
2.049424841612290382e-01 1.755672516206527867e-01 3.178275873717998912e-01 1.986751344842984934e-01 1.029875423620196517e-01
5.251474741804935259e-02 1.778121838020568224e-01 4.573740101887788789e-01 2.219908188413925454e-01 9.030823974972237989e-02
7.877979508843514778e-02 1.714133790909534438e-01 3.659913716570016295e-01 3.030449987617350183e-01 8.077045540187480221e-02
5.600413787557935452e-02 1.816243281952586164e-01 3.648220118507857213e-01 3.150209086716135864e-01 8.252861340676255486e-02
1.278188169603919899e-01 2.704054187124085851e-01 2.617038879688021735e-01 2.793660591217081435e-01 6.070581723668917740e-02
8.139968858443367983e-02 3.437072860492504378e-01 3.154222283646020419e-01 1.835687136715691559e-01 7.590208333014469844e-02
1.097097108040960417e-01 1.255457036092849088e-01 3.461269974183845410e-01 3.577656605796409872e-01 6.085192758859342410e-02
1.493182443588636499e-01 3.576955242719321859e-01 2.574045703635784443e-01 1.574853137400555048e-01 7.809634726557009021e-02
4.733116155124421354e-02 1.590053294647648940e-01 2.901877718348304658e-01 3.331530675756316784e-01 1.703226695735287344e-01
1.291533196655713922e-01 7.382206216971634594e-02 1.891016210917462192e-01 3.787314646707874433e-01 2.291915324021786271e-01
2.019334983360639851e-02 3.634013491407290380e-02 1.081862686317362210e-01 4.173171279589095173e-01 4.179631186616749594e-01
6.582925615034992961e-02 1.067002370563279595e-01 3.279976168846733264e-01 3.764770073139063200e-01 1.229958825947424228e-01
1.396927789211969695e-01 1.673368594428736311e-01 3.034149628308790425e-01 2.896764045915354857e-01 9.987899421351503770e-02
1.031913560159209431e-01 1.165053156500234638e-01 4.474871338818532385e-01 2.373543874840141066e-01 9.546180696818819256e-02
1.272760527689971166e-01 1.341149373769175146e-01 4.841605297497082461e-01 2.077866735472317095e-01 4.666180655714554509e-02
7.812516415038345263e-02 1.289810083163882570e-01 3.827918850590186772e-01 2.213045690391408360e-01 1.887973734350686938e-01
5.895910482906837474e-02 7.949689815760543898e-02 3.351941858691666609e-01 3.881643876452022801e-01 1.381854234989572661e-01
1.510633715752721651e-01 2.985125077427833173e-01 2.541580647332504217e-01 1.924976464390737718e-01 1.037684095096203796e-01
6.835660282339200977e-02 3.106266252459182198e-01 4.231997219320425829e-01 1.566484178836623775e-01 4.116863211498481001e-02
1.277426752681093125e-01 1.594826769051255200e-01 3.148403026466327637e-01 2.716987495984778400e-01 1.262355955816545361e-01
8.706835163260033539e-02 1.328150489449847760e-01 3.521297899748336291e-01 3.244248649615411595e-01 1.035619444860401556e-01
2.098903489032124536e-01 2.617679800502497600e-01 3.625827117197205629e-01 1.405906726627813574e-01 2.516828666403576886e-02
6.035252829604460800e-02 5.920315038118374729e-02 2.884399777575836765e-01 4.978681262986661693e-01 9.413621726652184052e-02
9.272043080344789800e-02 3.327228065809587632e-01 3.264284063149928694e-01 2.032674466318779294e-01 4.486090966872261637e-02
1.484925465427255342e-01 2.824490286047659504e-01 3.516999932491726155e-01 1.694873984453272586e-01 4.787103315800856490e-02
1.331894367690837633e-01 1.496486811375171699e-01 3.362396980603615804e-01 2.571221411325830264e-01 1.238000429004543212e-01
7.165288105938312502e-02 1.139135315044795815e-01 3.225610064913529418e-01 3.120226495008593393e-01 1.798499314439249985e-01
2.264111240149660476e-02 5.793920019630574569e-02 2.383922429529288511e-01 3.287826651962444391e-01 3.522447792530243871e-01
9.384333196532299026e-02 1.419462101417559852e-01 1.019974776052573195e-01 6.098825494811461745e-01 5.233043080651747503e-02
1.685893904044287461e-01 2.014008601528917142e-01 2.808155008162247501e-01 2.174369184636565921e-01 1.317573301627981974e-01
2.184900766220785884e-01 2.858069033362025668e-01 3.034346453140624456e-01 1.376416948170846311e-01 5.462667991057174738e-02
8.581078979223479009e-02 1.355300157367456682e-01 2.829478840211067658e-01 3.431076066305976946e-01 1.526037038193150397e-01
3.407882945219427306e-02 1.222340481589670735e-01 2.961937866286227794e-01 4.708945999570618990e-01 7.659873580315407215e-02
8.925247475548958587e-02 2.305266788484415241e-01 5.799322190413948030e-01 6.493198820297148288e-02 3.535663915170267346e-02
7.537666632736177152e-02 9.276133151038486180e-02 1.449206180666766097e-01 3.228270578387568146e-01 3.641143262568198868e-01
1.096898993949511347e-01 1.145487144517841477e-01 3.197496345372956017e-01 3.021927463562660288e-01 1.538190052597030455e-01
1.495299024526890175e-01 2.136257356384150263e-01 2.533511672843989371e-01 2.669976657045260438e-01 1.164955289199707950e-01
9.224181494094160771e-02 1.142307193199977866e-01 3.929119123651365064e-01 2.988598343192349627e-01 1.017557190546891782e-01
1.059787440758951649e-01 2.035742224062047356e-01 3.631164221018506333e-01 2.440577504046794466e-01 8.327286101137003349e-02
2.378962689904714489e-01 1.944927061298459270e-01 3.016479807135405422e-01 1.943798968762680268e-01 7.158314728987405506e-02
4.817638395971559490e-02 5.812050691594115165e-02 1.901815537444614679e-01 3.615151241085442502e-01 3.420064312713376187e-01
3.189719715181378867e-01 1.763381095132493803e-01 2.242739222150063605e-01 1.305783739148929368e-01 1.498376228387133524e-01
